5


576


0x18f6
0x0b59
0x1898
0x5f64
0x18e6
0x0
0x0
0x0
0x0
0x0
0x0
0x0


18
18
18
18
18
0
0
0
0
0
0
0


   0      1      2      3
  10     11     12     13
  20     21     22     23
  30     31     32     33
  40     41     42     43
  50     51     52     53
  60     61     62     63
  70     71     72     73
  80     81     82     83
  90     91     92     93
 100    101    102    103
 110    111    112    113
 120    121    122    123
 130    131    132    133
 140    141    142    143
 150    151    152    153
 160    161    162    163
 170    171    172    173
 180    181    182    183
 190    191    192    193
 200    201    202    203
 210    211    212    213
 220    221    222    223
 230    231    232    233
 240    241    242    243
 250    251    252    253
 260    261    262    263
 270    271    272    273
 280    281    282    283
 290    291    292    293
 300    301    302    303
 310    311    312    313

1000   1001   1002   1003
1010   1011   1012   1013
1020   1021   1022   1023
1030   1031   1032   1033
1040   1041   1042   1043
1050   1051   1052   1053
1060   1061   1062   1063
1070   1071   1072   1073
1080   1081   1082   1083
1090   1091   1092   1093
1100   1101   1102   1103
1110   1111   1112   1113
1120   1121   1122   1123
1130   1131   1132   1133
1140   1141   1142   1143
1150   1151   1152   1153
1160   1161   1162   1163
1170   1171   1172   1173
1180   1181   1182   1183
1190   1191   1192   1193
1200   1201   1202   1203
1210   1211   1212   1213
1220   1221   1222   1223
1230   1231   1232   1233
1240   1241   1242   1243
1250   1251   1252   1253
1260   1261   1262   1263
1270   1271   1272   1273
1280   1281   1282   1283
1290   1291   1292   1293
1300   1301   1302   1303
1310   1311   1312   1313

2000   2001   2002   2003
2010   2011   2012   2013
2020   2021   2022   2023
2030   2031   2032   2033
2040   2041   2042   2043
2050   2051   2052   2053
2060   2061   2062   2063
2070   2071   2072   2073
2080   2081   2082   2083
2090   2091   2092   2093
2100   2101   2102   2103
2110   2111   2112   2113
2120   2121   2122   2123
2130   2131   2132   2133
2140   2141   2142   2143
2150   2151   2152   2153
2160   2161   2162   2163
2170   2171   2172   2173
2180   2181   2182   2183
2190   2191   2192   2193
2200   2201   2202   2203
2210   2211   2212   2213
2220   2221   2222   2223
2230   2231   2232   2233
2240   2241   2242   2243
2250   2251   2252   2253
2260   2261   2262   2263
2270   2271   2272   2273
2280   2281   2282   2283
2290   2291   2292   2293
2300   2301   2302   2303
2310   2311   2312   2313

3000   3001   3002   3003
3010   3011   3012   3013
3020   3021   3022   3023
3030   3031   3032   3033
3040   3041   3042   3043
3050   3051   3052   3053
3060   3061   3062   3063
3070   3071   3072   3073
3080   3081   3082   3083
3090   3091   3092   3093
3100   3101   3102   3103
3110   3111   3112   3113
3120   3121   3122   3123
3130   3131   3132   3133
3140   3141   3142   3143
3150   3151   3152   3153
3160   3161   3162   3163
3170   3171   3172   3173
3180   3181   3182   3183
3190   3191   3192   3193
3200   3201   3202   3203
3210   3211   3212   3213
3220   3221   3222   3223
3230   3231   3232   3233
3240   3241   3242   3243
3250   3251   3252   3253
3260   3261   3262   3263
3270   3271   3272   3273
3280   3281   3282   3283
3290   3291   3292   3293
3300   3301   3302   3303
3310   3311   3312   3313

4000   4001   4002   4003
4010   4011   4012   4013
4020   4021   4022   4023
4030   4031   4032   4033
4040   4041   4042   4043
4050   4051   4052   4053
4060   4061   4062   4063
4070   4071   4072   4073
4080   4081   4082   4083
4090   4091   4092   4093
4100   4101   4102   4103
4110   4111   4112   4113
4120   4121   4122   4123
4130   4131   4132   4133
4140   4141   4142   4143
4150   4151   4152   4153


13041  13031  13021  13011 
13241  13231  13221  13211 
13081  13071  13061  13051 
13281  13271  13261  13251 
13121  13111  13101  13091 
13321  13311  13301  13291 
13161  13151  13141  13131 
13201  13191  13181  13171 
13292  13302  13312  13322 
13092  13102  13112  13122 
13252  13262  13272  13282 
13052  13062  13072  13082 
13212  13222  13232  13242 
13012  13022  13032  13042 
13172  13182  13192  13202 
13132  13142  13152  13162 
12041  12031  12021  12011 
12241  12231  12221  12211 
12081  12071  12061  12051 
12281  12271  12261  12251 
12121  12111  12101  12091 
12321  12311  12301  12291 
12161  12151  12141  12131 
12201  12191  12181  12171 
12292  12302  12312  12322 
12092  12102  12112  12122 
12252  12262  12272  12282 
12052  12062  12072  12082 
12212  12222  12232  12242 
12012  12022  12032  12042 
12172  12182  12192  12202 
12132  12142  12152  12162 

11041  11031  11021  11011 
11241  11231  11221  11211 
11081  11071  11061  11051 
11281  11271  11261  11251 
11121  11111  11101  11091 
11321  11311  11301  11291 
11161  11151  11141  11131 
11201  11191  11181  11171 
11292  11302  11312  11322 
11092  11102  11112  11122 
11252  11262  11272  11282 
11052  11062  11072  11082 
11212  11222  11232  11242 
11012  11022  11032  11042 
11172  11182  11192  11202 
11132  11142  11152  11162 
21041  21031  21021  21011 
21241  21231  21221  21211 
21081  21071  21061  21051 
21281  21271  21261  21251 
21121  21111  21101  21091 
21321  21311  21301  21291 
21161  21151  21141  21131 
21201  21191  21181  21171 
21292  21302  21312  21322 
21092  21102  21112  21122 
21252  21262  21272  21282 
21052  21062  21072  21082 
21212  21222  21232  21242 
21012  21022  21032  21042 
21172  21182  21192  21202 
21132  21142  21152  21162 

23041  23031  23021  23011 
23241  23231  23221  23211 
23081  23071  23061  23051 
23281  23271  23261  23251 
23121  23111  23101  23091 
23321  23311  23301  23291 
23161  23151  23141  23131 
23201  23191  23181  23171 
23292  23302  23312  23322 
23092  23102  23112  23122 
23252  23262  23272  23282 
23052  23062  23072  23082 
23212  23222  23232  23242 
23012  23022  23032  23042 
23172  23182  23192  23202 
23132  23142  23152  23162 
22041  22031  22021  22011 
22241  22231  22221  22211 
22081  22071  22061  22051 
22281  22271  22261  22251 
22121  22111  22101  22091 
22321  22311  22301  22291 
22161  22151  22141  22131 
22201  22191  22181  22171 
22292  22302  22312  22322 
22092  22102  22112  22122 
22252  22262  22272  22282 
22052  22062  22072  22082 
22212  22222  22232  22242 
22012  22022  22032  22042 
22172  22182  22192  22202 
22132  22142  22152  22162 

33041  33031  33021  33011 
33241  33231  33221  33211 
33081  33071  33061  33051 
33281  33271  33261  33251 
33121  33111  33101  33091 
33321  33311  33301  33291 
33161  33151  33141  33131 
33201  33191  33181  33171 
33292  33302  33312  33322 
33092  33102  33112  33122 
33252  33262  33272  33282 
33052  33062  33072  33082 
33212  33222  33232  33242 
33012  33022  33032  33042 
33172  33182  33192  33202 
33132  33142  33152  33162 
32041  32031  32021  32011 
32241  32231  32221  32211 
32081  32071  32061  32051 
32281  32271  32261  32251 
32121  32111  32101  32091 
32321  32311  32301  32291 
32161  32151  32141  32131 
32201  32191  32181  32171 
32292  32302  32312  32322 
32092  32102  32112  32122 
32252  32262  32272  32282 
32052  32062  32072  32082 
32212  32222  32232  32242 
32012  32022  32032  32042 
32172  32182  32192  32202 
32132  32142  32152  32162 

31041  31031  31021  31011 
31241  31231  31221  31211 
31081  31071  31061  31051 
31281  31271  31261  31251 
31121  31111  31101  31091 
31321  31311  31301  31291 
31161  31151  31141  31131 
31201  31191  31181  31171 
31292  31302  31312  31322 
31092  31102  31112  31122 
31252  31262  31272  31282 
31052  31062  31072  31082 
31212  31222  31232  31242 
31012  31022  31032  31042 
31172  31182  31192  31202 
31132  31142  31152  31162