0.0       0.0       0.0
0.0       0.0       0.0
0.0       0.0       0.0


0.0       0.0       0.0
0.0       0.0       0.0
0.0       0.0       0.0


0.0       0.0       0.0
0.0       0.0       0.0
0.0       0.0       0.0


0.0       0.0       0.0
0.0       0.0       0.0
0.0       0.0       0.0


0.0       0.0       0.0
0.0       0.0       0.0
0.0       0.0       0.0


18.65     18.65     18.65
16.40     16.40     16.40
16.40     16.40     16.40


0.0       0.0       0.0
0.0       0.0       0.0
0.0       0.0       0.0


0.0       0.0       0.0
0.0       0.0       0.0
0.0       0.0       0.0


0.0       0.0       0.0
0.0       0.0       0.0
0.0       0.0       0.0


0.0       0.0       0.0
0.0       0.0       0.0
0.0       0.0       0.0


0.0       0.0       0.0
0.0       0.0       0.0
0.0       0.0       0.0


0.0       0.0       0.0
0.0       0.0       0.0
0.0       0.0       0.0