0x18f6    -1855   -1655    -1755          0       0     0
0x0b59    -1855   -1655    -1755          0       0     0
0x1898    -1855   -1655    -1755          0       0     0
0x5f64    -1855   -1655    -1755          0       0     0
0x18e6    -1855   -1655    -1755          0       0     0
0x0           0       0        0          0       0     0
0x0           0       0        0          0       0     0
0x0           0       0        0          0       0     0
0x0           0       0        0          0       0     0
0x0           0       0        0          0       0     0
0x0           0       0        0          0       0     0
0x0           0       0        0          0       0     0