12


6912


0x1970
0x18f6
0x0b59
0x1898
0x5bb0
0x18e6
0x6141
0x0b5c
0x1861
0x0b39
0x5f71
0x18b6


13
14
15
16
17
18
19
20
21
22
23
24


  10      11      12      13
  20      21      22      23
  30      31      32      33
  70      71      72      73
 110     111     112     113
 120     121     122     123
 130     131     132     133
 140     141     142     143
 150     151     152     153
 160     161     162     163
 170     171     172     173
 180     181     182     183
 240     241     242     243
 250     251     252     253
 260     261     262     263
 270     271     272     273
 280     281     282     283
 290     291     292     293
 310     311     312     313
 330     331     332     333
 340     341     342     343
 370     371     372     373
 380     381     382     383
 390     391     392     393
 410     411     412     413
 420     421     422     423
 430     431     432     433
 470     471     472     473
 510     511     512     513
 520     521     522     523
 530     531     532     533
 540     541     542     543
 550     551     552     553
 560     561     562     563
 570     571     572     573
 580     581     582     583
 640     641     642     643
 650     651     652     653
 660     661     662     663
 670     671     672     673
 680     681     682     683
 690     691     692     693
 710     711     712     713
 730     731     732     733
 740     741     742     743
 770     771     772     773
 780     781     782     783
 790     791     792     793
 810     811     812     813
 820     821     822     823
 830     831     832     833
 870     871     872     873
 910     911     912     913
 920     921     922     923
 930     931     932     933
 940     941     942     943
 950     951     952     953
 960     961     962     963
 970     971     972     973
 980     981     982     983
1040    1041    1042    1043
1050    1051    1052    1053
1060    1061    1062    1063
1070    1071    1072    1073
1080    1081    1082    1083
1090    1091    1092    1093
1110    1111    1112    1113
1130    1131    1132    1133
1140    1141    1142    1143
1170    1171    1172    1173
1180    1181    1182    1183
1190    1191    1192    1193
1210    1211    1212    1213
1220    1221    1222    1223
1230    1231    1232    1233
1270    1271    1272    1273
1310    1311    1312    1313
1320    1321    1322    1323
1330    1331    1332    1333
1340    1341    1342    1343
1350    1351    1352    1353
1360    1361    1362    1363
1370    1371    1372    1373
1380    1381    1382    1383
1440    1441    1442    1443
1450    1451    1452    1453
1460    1461    1462    1463
1470    1471    1472    1473
1480    1481    1482    1483
1490    1491    1492    1493
1510    1511    1512    1513
1530    1531    1532    1533
1540    1541    1542    1543
1570    1571    1572    1573
1580    1581    1582    1583
1590    1591    1592    1593
1610    1611    1612    1613
1620    1621    1622    1623
1630    1631    1632    1633
1670    1671    1672    1673
1710    1711    1712    1713
1720    1721    1722    1723
1730    1731    1732    1733
1740    1741    1742    1743
1750    1751    1752    1753
1760    1761    1762    1763
1770    1771    1772    1773
1780    1781    1782    1783
1840    1841    1842    1843
1850    1851    1852    1853
1860    1861    1862    1863
1870    1871    1872    1873
1880    1881    1882    1883
1890    1891    1892    1893
1910    1911    1912    1913
1930    1931    1932    1933
1940    1941    1942    1943
1970    1971    1972    1973
1980    1981    1982    1983
1990    1991    1992    1993
2010    2011    2012    2013
2020    2021    2022    2023
2030    2031    2032    2033
2070    2071    2072    2073
2110    2111    2112    2113
2120    2121    2122    2123
2130    2131    2132    2133
2140    2141    2142    2143
2150    2151    2152    2153
2160    2161    2162    2163
2170    2171    2172    2173
2180    2181    2182    2183
2240    2241    2242    2243
2250    2251    2252    2253
2260    2261    2262    2263
2270    2271    2272    2273
2280    2281    2282    2283
2290    2291    2292    2293
2310    2311    2312    2313
2330    2331    2332    2333
2340    2341    2342    2343
2370    2371    2372    2373
2380    2381    2382    2383
2390    2391    2392    2393


11121    11111    11101    11091
11321    11311    11301    11291
11161    11151    11141    11131
11081    11071    11061    11051
12241    12231    12221    12211
12081    12071    12061    12051
12281    12271    12261    12251
12121    12111    12101    12091
12321    12311    12301    12291
13081    13071    13061    13051
13241    13231    13221    13211
13041    13031    13021    13011
11041    11031    11021    11011
11281    11271    11261    11251
13201    13191    13181    13171
13321    13311    13301    13291
13121    13111    13101    13091
13281    13271    13261    13251
11201    11191    11181    11171
11241    11231    11221    11211
13161    13151    13141    13131
12041    12031    12021    12011
12201    12191    12181    12171
12161    12151    12141    12131
11212    11222    11232    11242
11012    11022    11032    11042
11172    11182    11192    11202
11252    11262    11272    11282
12092    12102    12112    12122
12252    12262    12272    12282
12052    12062    12072    12082
12212    12222    12232    12242
12012    12022    12032    12042
13252    13262    13272    13282
13092    13102    13112    13122
13292    13302    13312    13322
11292    11302    11312    11322
11052    11062    11072    11082
13132    13142    13152    13162
13012    13022    13032    13042
13212    13222    13232    13242
13052    13062    13072    13082
11132    11142    11152    11162
11092    11102    11112    11122
13172    13182    13192    13202
12292    12302    12312    12322
12132    12142    12152    12162
12172    12182    12192    12202
21121    21111    21101    21091
21321    21311    21301    21291
21161    21151    21141    21131
21081    21071    21061    21051
22241    22231    22221    22211
22081    22071    22061    22051
22281    22271    22261    22251
22121    22111    22101    22091
22321    22311    22301    22291
23081    23071    23061    23051
23241    23231    23221    23211
23041    23031    23021    23011
21041    21031    21021    21011
21281    21271    21261    21251
23201    23191    23181    23171
23321    23311    23301    23291
23121    23111    23101    23091
23281    23271    23261    23251
21201    21191    21181    21171
21241    21231    21221    21211
23161    23151    23141    23131
22041    22031    22021    22011
22201    22191    22181    22171
22161    22151    22141    22131
21212    21222    21232    21242
21012    21022    21032    21042
21172    21182    21192    21202
21252    21262    21272    21282
22092    22102    22112    22122
22252    22262    22272    22282
22052    22062    22072    22082
22212    22222    22232    22242
22012    22022    22032    22042
23252    23262    23272    23282
23092    23102    23112    23122
23292    23302    23312    23322
21292    21302    21312    21322
21052    21062    21072    21082
23132    23142    23152    23162
23012    23022    23032    23042
23212    23222    23232    23242
23052    23062    23072    23082
21132    21142    21152    21162
21092    21102    21112    21122
23172    23182    23192    23202
22292    22302    22312    22322
22132    22142    22152    22162
22172    22182    22192    22202
31121    31111    31101    31091
31321    31311    31301    31291
31161    31151    31141    31131
31081    31071    31061    31051
32241    32231    32221    32211
32081    32071    32061    32051
32281    32271    32261    32251
32121    32111    32101    32091
32321    32311    32301    32291
33081    33071    33061    33051
33241    33231    33221    33211
33041    33031    33021    33011
31041    31031    31021    31011
31281    31271    31261    31251
33201    33191    33181    33171
33321    33311    33301    33291
33121    33111    33101    33091
33281    33271    33261    33251
31201    31191    31181    31171
31241    31231    31221    31211
33161    33151    33141    33131
32041    32031    32021    32011
32201    32191    32181    32171
32161    32151    32141    32131
31212    31222    31232    31242
31012    31022    31032    31042
31172    31182    31192    31202
31252    31262    31272    31282
32092    32102    32112    32122
32252    32262    32272    32282
32052    32062    32072    32082
32212    32222    32232    32242
32012    32022    32032    32042
33252    33262    33272    33282
33092    33102    33112    33122
33292    33302    33312    33322
31292    31302    31312    31322
31052    31062    31072    31082
33132    33142    33152    33162
33012    33022    33032    33042
33212    33222    33232    33242
33052    33062    33072    33082
31132    31142    31152    31162
31092    31102    31112    31122
33172    33182    33192    33202
32292    32302    32312    32322
32132    32142    32152    32162
32172    32182    32192    32202