18.65     18.65     18.65
18.65     18.65     18.65
18.65     18.65     18.65


18.65     18.65     18.65
18.65     18.65     18.65
18.65     18.65     18.65


16.40     16.40     16.40
16.40     16.40     16.40
16.40     16.40     16.40


16.40     16.40     16.40
16.40     16.40     16.40
16.40     16.40     16.40


18.65     18.65     18.65
18.65     18.65     18.65
18.65     18.65     18.65


18.65     18.65     18.65
18.65     18.65     18.65
18.65     18.65     18.65


18.65     18.65     18.65
18.65     18.65     18.65
18.65     18.65     18.65


18.65     18.65     18.65
18.65     18.65     18.65
18.65     18.65     18.65


16.40     16.40     16.40
16.40     16.40     16.40
16.40     16.40     16.40


16.40     16.40     16.40
16.40     16.40     16.40
16.40     16.40     16.40


18.65     18.65     18.65
18.65     18.65     18.65
18.65     18.65     18.65


18.65     18.65     18.65
18.65     18.65     18.65
18.65     18.65     18.65