0x1970    -2000    1000    -1755      -2000    1000    55
0x18f6    -2000    1000    -1755      -2000    1000    55
0x0b59    -2000    1000    -1755      -2000    1000    55
0x1898    -2000    1000    -1755      -2000    1000    55
0x5bb0    -2000    1000    -1755      -2000    1000    55
0x18e6    -2000    1000    -1755      -2000    1000    55
0x6141    -2000    1000    -1755      -2000    1000    55
0x0b5c    -2000    1000    -1755      -2000    1000    55
0x1861    -2000    1000    -1755      -2000    1000    55
0x0b39    -2000    1000    -1755      -2000    1000    55
0x5f71    -2000    1000    -1755      -2000    1000    55
0x18b6    -2000    1000    -1755      -2000    1000    55