0x1970    -1950    -1750    -1850      -45    155    55
0x18f6    -1950    -1750    -1850      -45    155    55
0x0b59    -1950    -1750    -1850      -45    155    55
0x1898    -1950    -1750    -1850      -45    155    55
0x5bb0    -1950    -1750    -1850      -45    155    55
0x18e6    -1950    -1750    -1850      -45    155    55
0x6141    -1950    -1750    -1850      -45    155    55
0x0b5c    -1950    -1750    -1850      -45    155    55
0x1861    -1950    -1750    -1850      -45    155    55
0x0b39    -1950    -1750    -1850      -45    155    55
0x5f71    -1950    -1750    -1850      -45    155    55
0x18b6    -1950    -1750    -1850      -45    155    55
